{
 "cells": [
  {
   "cell_type": "code",
   "execution_count": 22,
   "metadata": {},
   "outputs": [],
   "source": [
    "from sklearn.decomposition import PCA\n",
    "from mpl_toolkits.mplot3d import Axes3D\n",
    "from sklearn.metrics import homogeneity_score, completeness_score, \\\n",
    "v_measure_score, adjusted_rand_score, adjusted_mutual_info_score, silhouette_score\n",
    "%matplotlib inline\n",
    "\n",
    "#plotly imports\n",
    "import plotly as py\n",
    "import plotly.graph_objs as go\n",
    "from plotly.offline import download_plotlyjs, init_notebook_mode, plot, iplot\n",
    "\n",
    "np.random.seed(123)"
   ]
  },
  {
   "cell_type": "code",
   "execution_count": 23,
   "metadata": {},
   "outputs": [
    {
     "data": {
      "text/plain": [
       "(7050, 12)"
      ]
     },
     "execution_count": 23,
     "metadata": {},
     "output_type": "execute_result"
    }
   ],
   "source": [
    "import numpy as np\n",
    "import pandas as pd\n",
    "import matplotlib.pyplot as plt\n",
    "from sklearn.mixture import GaussianMixture\n",
    " \n",
    "df = pd.read_csv(\"Live_Preprocessed_No_Scaling.csv\")\n",
    "df.shape"
   ]
  },
  {
   "cell_type": "code",
   "execution_count": 24,
   "metadata": {},
   "outputs": [],
   "source": [
    "X = df.copy(deep=True)"
   ]
  },
  {
   "cell_type": "code",
   "execution_count": 26,
   "metadata": {},
   "outputs": [
    {
     "data": {
      "text/html": [
       "<div>\n",
       "<style scoped>\n",
       "    .dataframe tbody tr th:only-of-type {\n",
       "        vertical-align: middle;\n",
       "    }\n",
       "\n",
       "    .dataframe tbody tr th {\n",
       "        vertical-align: top;\n",
       "    }\n",
       "\n",
       "    .dataframe thead th {\n",
       "        text-align: right;\n",
       "    }\n",
       "</style>\n",
       "<table border=\"1\" class=\"dataframe\">\n",
       "  <thead>\n",
       "    <tr style=\"text-align: right;\">\n",
       "      <th></th>\n",
       "      <th>0</th>\n",
       "      <th>1</th>\n",
       "      <th>2</th>\n",
       "      <th>3</th>\n",
       "      <th>4</th>\n",
       "      <th>5</th>\n",
       "      <th>6</th>\n",
       "      <th>7</th>\n",
       "      <th>8</th>\n",
       "      <th>9</th>\n",
       "      <th>10</th>\n",
       "      <th>11</th>\n",
       "    </tr>\n",
       "  </thead>\n",
       "  <tbody>\n",
       "    <tr>\n",
       "      <th>0</th>\n",
       "      <td>0.0</td>\n",
       "      <td>0.000000</td>\n",
       "      <td>0.0</td>\n",
       "      <td>0.087832</td>\n",
       "      <td>0.548096</td>\n",
       "      <td>0.488777</td>\n",
       "      <td>0.533205</td>\n",
       "      <td>0.382658</td>\n",
       "      <td>0.121761</td>\n",
       "      <td>0.060881</td>\n",
       "      <td>0.060881</td>\n",
       "      <td>0.0</td>\n",
       "    </tr>\n",
       "    <tr>\n",
       "      <th>1</th>\n",
       "      <td>0.0</td>\n",
       "      <td>0.195467</td>\n",
       "      <td>0.0</td>\n",
       "      <td>0.000000</td>\n",
       "      <td>0.000000</td>\n",
       "      <td>0.000000</td>\n",
       "      <td>0.980710</td>\n",
       "      <td>0.000000</td>\n",
       "      <td>0.000000</td>\n",
       "      <td>0.000000</td>\n",
       "      <td>0.000000</td>\n",
       "      <td>0.0</td>\n",
       "    </tr>\n",
       "    <tr>\n",
       "      <th>2</th>\n",
       "      <td>0.0</td>\n",
       "      <td>0.000000</td>\n",
       "      <td>0.0</td>\n",
       "      <td>0.107685</td>\n",
       "      <td>0.588826</td>\n",
       "      <td>0.437247</td>\n",
       "      <td>0.573206</td>\n",
       "      <td>0.332858</td>\n",
       "      <td>0.074641</td>\n",
       "      <td>0.074641</td>\n",
       "      <td>0.000000</td>\n",
       "      <td>0.0</td>\n",
       "    </tr>\n",
       "    <tr>\n",
       "      <th>3</th>\n",
       "      <td>0.0</td>\n",
       "      <td>0.207327</td>\n",
       "      <td>0.0</td>\n",
       "      <td>0.000000</td>\n",
       "      <td>0.000000</td>\n",
       "      <td>0.000000</td>\n",
       "      <td>0.978272</td>\n",
       "      <td>0.000000</td>\n",
       "      <td>0.000000</td>\n",
       "      <td>0.000000</td>\n",
       "      <td>0.000000</td>\n",
       "      <td>0.0</td>\n",
       "    </tr>\n",
       "    <tr>\n",
       "      <th>4</th>\n",
       "      <td>0.0</td>\n",
       "      <td>0.169916</td>\n",
       "      <td>0.0</td>\n",
       "      <td>0.000000</td>\n",
       "      <td>0.000000</td>\n",
       "      <td>0.000000</td>\n",
       "      <td>0.904464</td>\n",
       "      <td>0.391246</td>\n",
       "      <td>0.000000</td>\n",
       "      <td>0.000000</td>\n",
       "      <td>0.000000</td>\n",
       "      <td>0.0</td>\n",
       "    </tr>\n",
       "  </tbody>\n",
       "</table>\n",
       "</div>"
      ],
      "text/plain": [
       "    0         1    2         3         4         5         6         7   \\\n",
       "0  0.0  0.000000  0.0  0.087832  0.548096  0.488777  0.533205  0.382658   \n",
       "1  0.0  0.195467  0.0  0.000000  0.000000  0.000000  0.980710  0.000000   \n",
       "2  0.0  0.000000  0.0  0.107685  0.588826  0.437247  0.573206  0.332858   \n",
       "3  0.0  0.207327  0.0  0.000000  0.000000  0.000000  0.978272  0.000000   \n",
       "4  0.0  0.169916  0.0  0.000000  0.000000  0.000000  0.904464  0.391246   \n",
       "\n",
       "         8         9         10   11  \n",
       "0  0.121761  0.060881  0.060881  0.0  \n",
       "1  0.000000  0.000000  0.000000  0.0  \n",
       "2  0.074641  0.074641  0.000000  0.0  \n",
       "3  0.000000  0.000000  0.000000  0.0  \n",
       "4  0.000000  0.000000  0.000000  0.0  "
      ]
     },
     "execution_count": 26,
     "metadata": {},
     "output_type": "execute_result"
    }
   ],
   "source": [
    "from sklearn import preprocessing\n",
    "X = pd.DataFrame(preprocessing.normalize(X))\n",
    "X.head()"
   ]
  },
  {
   "cell_type": "code",
   "execution_count": 27,
   "metadata": {},
   "outputs": [],
   "source": [
    "gmm = GaussianMixture(n_components=2)\n",
    "cluster = gmm.fit_predict(X)"
   ]
  },
  {
   "cell_type": "code",
   "execution_count": 28,
   "metadata": {
    "scrolled": true
   },
   "outputs": [
    {
     "name": "stdout",
     "output_type": "stream",
     "text": [
      "[[0.00000000e+00 7.53408750e-02 7.76706101e-03 5.39183275e-02\n",
      "  4.77218217e-01 2.94268125e-01 6.62079526e-01 2.67755558e-01\n",
      "  1.08937799e-01 6.01941950e-02 2.16194275e-02 1.27843844e-02]\n",
      " [3.33888676e-03 2.01481138e-01 1.08511741e-02 8.43042823e-02\n",
      "  2.27643838e-01 7.39400593e-02 8.64909091e-01 3.66629225e-02\n",
      "  2.19801897e-04 4.35482640e-05 0.00000000e+00 0.00000000e+00]]\n",
      "\n",
      "\n",
      "[[[ 1.00000000e-06  0.00000000e+00  0.00000000e+00  0.00000000e+00\n",
      "    0.00000000e+00  0.00000000e+00  0.00000000e+00  0.00000000e+00\n",
      "    0.00000000e+00  0.00000000e+00  0.00000000e+00  0.00000000e+00]\n",
      "  [ 0.00000000e+00  9.04547954e-03 -5.85177173e-04 -4.06225397e-03\n",
      "   -1.21903146e-02 -1.25879259e-02  1.23966457e-02 -7.58592665e-03\n",
      "    3.22009247e-03 -2.08102202e-03 -1.05811318e-04 -5.62926573e-04]\n",
      "  [ 0.00000000e+00 -5.85177173e-04  1.30147829e-03 -4.18786939e-04\n",
      "   -5.41151496e-04 -1.71519019e-03  1.27638170e-03 -1.15541601e-03\n",
      "   -2.18823199e-05 -1.55140358e-04  2.26138806e-04 -4.77577816e-05]\n",
      "  [ 0.00000000e+00 -4.06225397e-03 -4.18786939e-04  3.06318945e-03\n",
      "    4.90479571e-03  6.78377776e-03 -6.57676800e-03  3.55623542e-03\n",
      "   -1.88751367e-03  1.14852748e-03  7.12319277e-05  2.78489994e-04]\n",
      "  [ 0.00000000e+00 -1.21903146e-02 -5.41151496e-04  4.90479571e-03\n",
      "    3.55754774e-02  2.05826467e-02 -2.62506502e-02  1.21615028e-02\n",
      "   -4.74433292e-03  2.87572230e-03  1.58867158e-04  1.05403324e-03]\n",
      "  [ 0.00000000e+00 -1.25879259e-02 -1.71519019e-03  6.78377776e-03\n",
      "    2.05826467e-02  4.05262418e-02 -3.02479631e-02  1.35335194e-02\n",
      "   -7.07610169e-03  4.18463615e-03  4.05891283e-05  1.10585806e-03]\n",
      "  [ 0.00000000e+00  1.23966457e-02  1.27638170e-03 -6.57676800e-03\n",
      "   -2.62506502e-02 -3.02479631e-02  3.04480632e-02 -1.48020339e-02\n",
      "    6.50024881e-03 -4.39644071e-03 -3.90847540e-04 -1.23287975e-03]\n",
      "  [ 0.00000000e+00 -7.58592665e-03 -1.15541601e-03  3.55623542e-03\n",
      "    1.21615028e-02  1.35335194e-02 -1.48020339e-02  1.68273901e-02\n",
      "   -3.22284463e-03  1.96612770e-03 -3.22893762e-04  4.60060930e-04]\n",
      "  [ 0.00000000e+00  3.22009247e-03 -2.18823199e-05 -1.88751367e-03\n",
      "   -4.74433292e-03 -7.07610169e-03  6.50024881e-03 -3.22284463e-03\n",
      "    6.65852111e-03 -1.51261182e-03 -8.46822619e-04 -2.65285866e-04]\n",
      "  [ 0.00000000e+00 -2.08102202e-03 -1.55140358e-04  1.14852748e-03\n",
      "    2.87572230e-03  4.18463615e-03 -4.39644071e-03  1.96612770e-03\n",
      "   -1.51261182e-03  4.88514904e-03  1.22664019e-04  4.55487712e-04]\n",
      "  [ 0.00000000e+00 -1.05811318e-04  2.26138806e-04  7.12319277e-05\n",
      "    1.58867158e-04  4.05891283e-05 -3.90847540e-04 -3.22893762e-04\n",
      "   -8.46822619e-04  1.22664019e-04  1.71977879e-03  1.69153538e-04]\n",
      "  [ 0.00000000e+00 -5.62926573e-04 -4.77577816e-05  2.78489994e-04\n",
      "    1.05403324e-03  1.10585806e-03 -1.23287975e-03  4.60060930e-04\n",
      "   -2.65285866e-04  4.55487712e-04  1.69153538e-04  8.21552685e-04]]\n",
      "\n",
      " [[ 1.02020324e-03 -6.72722704e-04 -3.62308414e-05 -2.81482452e-04\n",
      "   -2.47444381e-04  2.11503502e-04  8.50217562e-07 -1.37460263e-05\n",
      "    4.21723144e-05  6.33994597e-06  0.00000000e+00  0.00000000e+00]\n",
      "  [-6.72722704e-04  2.73003919e-02 -2.18630689e-03 -1.69857227e-02\n",
      "   -5.90250161e-03 -4.79896064e-03  2.62576258e-04 -1.18152530e-03\n",
      "   -4.42859363e-05 -8.77415377e-06  0.00000000e+00  0.00000000e+00]\n",
      "  [-3.62308414e-05 -2.18630689e-03  2.42337811e-03 -9.14800440e-04\n",
      "    5.00518207e-04 -1.47826606e-04  2.13142842e-04  2.38964181e-04\n",
      "   -2.38510864e-06 -4.72549792e-07  0.00000000e+00  0.00000000e+00]\n",
      "  [-2.81482452e-04 -1.69857227e-02 -9.14800440e-04  3.30537767e-02\n",
      "   -1.22429950e-02 -4.37002392e-04 -4.47952496e-03 -1.46239928e-03\n",
      "   -1.85302412e-05 -3.67130514e-06  0.00000000e+00  0.00000000e+00]\n",
      "  [-2.47444381e-04 -5.90250161e-03  5.00518207e-04 -1.22429950e-02\n",
      "    4.84343672e-02  8.49030137e-04 -7.44551912e-03  8.20063516e-04\n",
      "   -2.76299916e-05 -9.91349396e-06  0.00000000e+00  0.00000000e+00]\n",
      "  [ 2.11503502e-04 -4.79896064e-03 -1.47826606e-04 -4.37002392e-04\n",
      "    8.49030137e-04  1.88185702e-02 -2.66215835e-03  7.39881179e-04\n",
      "    3.92816601e-05  2.28193019e-05  0.00000000e+00  0.00000000e+00]\n",
      "  [ 8.50217562e-07  2.62576258e-04  2.13142842e-04 -4.47952496e-03\n",
      "   -7.44551912e-03 -2.66215835e-03  6.65828844e-03 -4.67004502e-04\n",
      "   -1.51979487e-07 -4.57248926e-06  0.00000000e+00  0.00000000e+00]\n",
      "  [-1.37460263e-05 -1.18152530e-03  2.38964181e-04 -1.46239928e-03\n",
      "    8.20063516e-04  7.39881179e-04 -4.67004502e-04  7.72212940e-03\n",
      "    2.06266828e-05  4.20541264e-06  0.00000000e+00  0.00000000e+00]\n",
      "  [ 4.21723144e-05 -4.42859363e-05 -2.38510864e-06 -1.85302412e-05\n",
      "   -2.76299916e-05  3.92816601e-05 -1.51979487e-07  2.06266828e-05\n",
      "    4.18394679e-05  3.57474432e-06  0.00000000e+00  0.00000000e+00]\n",
      "  [ 6.33994597e-06 -8.77415377e-06 -4.72549792e-07 -3.67130514e-06\n",
      "   -9.91349396e-06  2.28193019e-05 -4.57248926e-06  4.20541264e-06\n",
      "    3.57474432e-06  5.49340471e-06  0.00000000e+00  0.00000000e+00]\n",
      "  [ 0.00000000e+00  0.00000000e+00  0.00000000e+00  0.00000000e+00\n",
      "    0.00000000e+00  0.00000000e+00  0.00000000e+00  0.00000000e+00\n",
      "    0.00000000e+00  0.00000000e+00  1.00000000e-06  0.00000000e+00]\n",
      "  [ 0.00000000e+00  0.00000000e+00  0.00000000e+00  0.00000000e+00\n",
      "    0.00000000e+00  0.00000000e+00  0.00000000e+00  0.00000000e+00\n",
      "    0.00000000e+00  0.00000000e+00  0.00000000e+00  1.00000000e-06]]]\n"
     ]
    }
   ],
   "source": [
    "print(gmm.means_)\n",
    "print('\\n')\n",
    "print(gmm.covariances_)"
   ]
  },
  {
   "cell_type": "code",
   "execution_count": 29,
   "metadata": {},
   "outputs": [],
   "source": [
    "#Add the cluster vector to our DataFrame, X\n",
    "X[\"Cluster\"] = cluster"
   ]
  },
  {
   "cell_type": "code",
   "execution_count": 30,
   "metadata": {},
   "outputs": [],
   "source": [
    "#plotX is a DataFrame containing 5000 values sampled randomly from X\n",
    "# plotX = pd.DataFrame(np.array(X.sample(5000)))\n",
    "plotX = pd.DataFrame(np.array(X))\n",
    "\n",
    "#Rename plotX's columns since it was briefly converted to an np.array above\n",
    "plotX.columns = X.columns"
   ]
  },
  {
   "cell_type": "code",
   "execution_count": 31,
   "metadata": {},
   "outputs": [],
   "source": [
    "#PCA with two principal components\n",
    "pca_2d = PCA(n_components=2)"
   ]
  },
  {
   "cell_type": "code",
   "execution_count": 32,
   "metadata": {},
   "outputs": [],
   "source": [
    "#This DataFrame contains the two principal components that will be used\n",
    "#for the 2-D visualization mentioned above\n",
    "PCs_2d = pd.DataFrame(pca_2d.fit_transform(plotX.drop([\"Cluster\"], axis=1)))"
   ]
  },
  {
   "cell_type": "code",
   "execution_count": 33,
   "metadata": {},
   "outputs": [],
   "source": [
    "#\"PC1_2d\" means: 'The first principal component of the components created for 2-D visualization, by PCA.'\n",
    "#And \"PC2_2d\" means: 'The second principal component of the components created for 2-D visualization, by PCA.'\n",
    "PCs_2d.columns = [\"PC1_2d\", \"PC2_2d\"]"
   ]
  },
  {
   "cell_type": "code",
   "execution_count": 34,
   "metadata": {},
   "outputs": [],
   "source": [
    "plotX = pd.concat([plotX,PCs_2d], axis=1, join='inner')\n"
   ]
  },
  {
   "cell_type": "code",
   "execution_count": 35,
   "metadata": {},
   "outputs": [],
   "source": [
    "plotX[\"dummy\"] = 0\n"
   ]
  },
  {
   "cell_type": "code",
   "execution_count": 36,
   "metadata": {},
   "outputs": [],
   "source": [
    "#Note that all of the DataFrames below are sub-DataFrames of 'plotX'.\n",
    "#This is because we intend to plot the values contained within each of these DataFrames.\n",
    "\n",
    "cluster0 = plotX[plotX[\"Cluster\"] == 0]\n",
    "cluster1 = plotX[plotX[\"Cluster\"] == 1]\n",
    "# cluster2 = plotX[plotX[\"Cluster\"] == 2]"
   ]
  },
  {
   "cell_type": "code",
   "execution_count": 37,
   "metadata": {},
   "outputs": [
    {
     "data": {
      "application/vnd.plotly.v1+json": {
       "config": {
        "linkText": "Export to plot.ly",
        "plotlyServerURL": "https://plot.ly",
        "showLink": false
       },
       "data": [
        {
         "marker": {
          "color": "rgba(255, 128, 255, 0.8)"
         },
         "mode": "markers",
         "name": "Cluster 0",
         "type": "scatter",
         "x": [
          0.5682423302472217,
          0.5330505776051151,
          -0.028591544764408307,
          0.548703008321023,
          0.5458685092839747,
          0.005818555437041864,
          -0.051392183898877106,
          0.011340885665827919,
          -0.03755961196366478,
          0.0349782103577877,
          0.45142065668272885,
          0.5733563863211608,
          0.5379430612170513,
          0.5110450246348074,
          0.1423919518922475,
          0.06601749066605588,
          -0.3661450487731399,
          -0.36613431402521657,
          0.5174042403390329,
          -0.2759453807133679,
          -0.21752675582312794,
          -0.11673896598482834,
          0.021680409596535704,
          0.5256283131269337,
          0.3185768123740787,
          0.26347384059474066,
          0.541820525071922,
          0.5072328726643341,
          0.4149523154651758,
          0.4974619632916947,
          0.5217540178054644,
          0.07201367818380364,
          0.5190292597301157,
          0.052484832098618275,
          0.4376172018377717,
          0.5395664681219702,
          0.544815867126835,
          0.49684977579287304,
          0.5690055600208771,
          0.5204100804354975,
          0.551585093553027,
          0.5352431774105444,
          0.47258920484888683,
          0.4958904145807359,
          0.5120808070443337,
          0.05239667590126633,
          0.5311599836618962,
          0.18687079574672386,
          0.5038048347443149,
          0.5432171023249014,
          0.549179052076035,
          0.515219844537455,
          0.5077274507950641,
          0.5345135066876514,
          0.5307560997396338,
          0.5227858161759759,
          0.5383935419906453,
          0.5549784776054357,
          0.5308233994422613,
          0.4758851612785986,
          0.5413084112038171,
          0.5122973508115364,
          0.5263873328417108,
          0.06915537253575747,
          0.06400818138222833,
          0.07022015735198206,
          0.041377239636933974,
          0.09249833882415119,
          0.06384642855268996,
          0.1361483010229514,
          0.5081063226029766,
          0.5242107941049425,
          0.5412853878372568,
          0.05728905753747575,
          -0.0003136054076476884,
          -0.05913148177531195,
          -0.0003413491101863979,
          0.050923689736405646,
          0.26470500525036184,
          0.11757531769313395,
          0.4816637449758077,
          0.014594757135612878,
          0.06381372082247073,
          0.4242927032510679,
          0.4558811212680591,
          0.3712112129222189,
          0.4378563062471415,
          0.53396993256464,
          0.5263292485005345,
          -0.12519525578165627,
          0.4843424371927177,
          0.4306394628049747,
          0.5681094667388812,
          -0.12316362345269252,
          0.5529002436359031,
          0.5539268283295012,
          0.45104784415694915,
          0.5638899769952241,
          0.5680563034674968,
          0.267920687067309,
          -0.0089648191688774,
          0.49480614321955474,
          0.049088976352898134,
          0.47805098725843614,
          0.5294351793702254,
          -0.07910139423819064,
          0.5046725584937817,
          -0.25178844061093053,
          0.52644059294274,
          0.5419667174727106,
          0.496380202748282,
          0.5332875157670374,
          0.14958396029756288,
          0.2502544986241177,
          0.04365142193790828,
          0.5593497451014686,
          0.027143227641513164,
          0.5561959347847939,
          -0.019018411100017268,
          0.24247670660964155,
          0.5476261318539437,
          0.08112800050974057,
          0.4731566322980178,
          -0.1814323480711771,
          0.5299711980013052,
          0.4894092651261756,
          0.5619443727831094,
          0.5565665609048046,
          -0.20193656149859845,
          0.04956757519379385,
          0.544572823184099,
          0.5362234497882384,
          0.26578845323673317,
          -0.02031875793797643,
          -0.11648440660913494,
          0.11331232311521444,
          0.10250144937638381,
          -0.07521957884410214,
          0.5834900918743661,
          0.09081450858458845,
          0.5421563686606142,
          0.22534573315409873,
          0.05779027651429146,
          -0.026970003745188834,
          0.06814045925507202,
          0.280876220771699,
          0.06849918664643136,
          -0.27682305800654633,
          0.47722568504978974,
          -0.10191262905145326,
          0.18652984305608816,
          -0.0346981620268944,
          -0.1588647576457496,
          -0.07312795247744605,
          -0.2363754889402371,
          -0.00377060012005624,
          -0.15740931299853703,
          -0.051900535535150845,
          -0.06618235178433475,
          -0.050825493848526325,
          -0.09316324990174281,
          -0.030714062203022637,
          0.07455286272799277,
          0.04925266298771056,
          0.04238464800276048,
          -0.29138063467164904,
          0.04964326023665029,
          -0.15643755813624255,
          0.003859331396346665,
          -0.09706589117339495,
          0.4803559403297216,
          0.5026204048174256,
          -0.3848229865075642,
          -0.008028520016871267,
          -0.3751849209102985,
          0.09151836298165335,
          0.0037030540412477738,
          0.007292771163970967,
          0.22005912923707158,
          0.5064144281162061,
          0.48401146329579153,
          -0.11057217695076958,
          -0.04510124963670968,
          0.006637710349268365,
          -0.20335268404911513,
          0.04051211199085563,
          -0.07707405861126626,
          -0.1698796967611196,
          -0.05915183658133099,
          -0.07533766261902511,
          -0.20860285041483087,
          -0.3033126371536999,
          -0.016057795642459568,
          0.057129562270058824,
          0.28777554658970217,
          -0.10424062079828171,
          -0.2602114238125253,
          0.3773055863120368,
          -0.3760128040189878,
          -0.20792693822758698,
          0.0991175629417124,
          0.07277012333696696,
          0.49893123005179973,
          0.10683861228662862,
          -0.03733600715941593,
          0.20812879118808045,
          -0.005047718271553641,
          0.0652897211468571,
          -0.05529566497521925,
          0.001104927455454673,
          -0.03131858691099342,
          0.13539685686439545,
          0.5277600496622877,
          0.0018798876427545894,
          0.3823190254698575,
          0.0295665207272848,
          0.05573767594189419,
          -0.2614245910918587,
          0.08080355608767185,
          0.41378123715542636,
          -0.02660848880820999,
          0.5611036135118379,
          -0.20007096563916013,
          -0.1901876367688352,
          -0.1563666852706504,
          -0.006181805920511118,
          0.3685787751982632,
          -0.0028132519016670493,
          -0.26335377612972316,
          -0.07259566516827441,
          0.20059386295743825,
          -0.047853831921334244,
          -0.06511731194082745,
          0.04988201896821718,
          0.4308963926521186,
          0.2975768943703247,
          0.43179072247900996,
          0.10137758282381447,
          0.011468280829152553,
          0.41565261506209844,
          0.009694550539348092,
          0.03207653824425784,
          -0.012258716260072697,
          -0.08908364508317827,
          -0.06755778222890908,
          0.4771831813001431,
          0.20516667439931333,
          0.5931643695359569,
          -0.03751037658792307,
          0.019424969749942175,
          0.04134100257263095,
          -0.05010433405510572,
          0.4739288877063728,
          -0.10064054406411599,
          -0.02738137330193404,
          -0.2215134076544545,
          0.23231794555212887,
          0.45280623498460354,
          0.38565723718939043,
          -0.020846495819581753,
          -0.04182542108764004,
          0.16052540745642563,
          -0.024355809215462113,
          -0.0008884855197494493,
          0.12475722580238809,
          0.05441896021830126,
          0.08350428878720682,
          0.12225903756818733,
          0.29955935101462966,
          -0.03187463067032803,
          0.0546069383592834,
          0.5805402231423825,
          0.03945723787692602,
          0.15886320026215564,
          0.2468267095326701,
          0.2993035212358946,
          -0.07566741397774362,
          0.05620009424572685,
          -0.10604205611723957,
          0.008135070643926438,
          0.4740287376076928,
          -0.1002033939193173,
          0.004979793810955856,
          0.011215304324354764,
          0.45595373937866,
          0.06998525347261703,
          0.13675325578058886,
          0.44686218444433484,
          -0.21264552018320954,
          0.12642466060895866,
          0.49868684644886646,
          -0.032080887672246636,
          0.593296151448299,
          0.09719978218644582,
          0.0017175380929776722,
          0.026126205463868506,
          0.5981863240525955,
          0.10152261535281938,
          0.5937552264395414,
          0.01963613945067104,
          0.5299885993752267,
          0.12632213186277236,
          0.513069669431627,
          0.0012967973219233213,
          0.5188480751125979,
          0.2645122833982474,
          0.052144879956286264,
          -0.0990303836514756,
          0.005037121828518069,
          0.580699644510008,
          0.009799168318435705,
          0.1548208905756469,
          -0.19845094402076424,
          -0.03319311753602704,
          -0.02877146608726677,
          0.17411592668208603,
          -0.03870573350169407,
          -0.18831429492519758,
          -0.20214841895732294,
          -0.21518122230736517,
          0.3062943093031477,
          -0.10172067928913867,
          -0.17940940386734514,
          -0.31369022759085596,
          -0.2441284407606719,
          -0.06965777225396057,
          -0.22976424554957903,
          -0.16879414406373375,
          -0.1935593379917,
          0.3062943093031477,
          -0.09574624422451881,
          -0.08458192938739786,
          -0.014313104489067719,
          -0.24845090355959226,
          -0.32518330300154,
          -0.29256160814287985,
          -0.15794497168559887,
          -0.3451033861845249,
          0.12764436420471298,
          -0.04055928408924526,
          0.12442702409724249,
          -0.21615644468741854,
          0.12982544544543986,
          -0.1622890007818817,
          0.331039082379931,
          -0.3027354079880868,
          0.2405121081289381,
          0.25176948011879974,
          -0.24384205988866456,
          -0.17089345084856675,
          -0.1690448088742878,
          -0.19377484208524956,
          0.017367748034762678,
          -0.22743501150140985,
          -0.2558424777148221,
          -0.17910177012474363,
          -0.11559227194673452,
          0.11030243907995128,
          -0.1206377822726503,
          0.4086117890746827,
          0.27096924072876244,
          -0.07555182895002176,
          -0.0031323841663931295,
          0.2981759537291094,
          0.2335437528241754,
          0.1551890219674345,
          0.14713058604498624,
          0.055476712568446634,
          -0.08461357810393662,
          0.07851423511252009,
          0.25642039984484677,
          0.040012859835744534,
          0.05948736335579435,
          0.14963148433656875,
          0.2738347550724851,
          0.3195830086345171,
          -0.0883621244523912,
          -0.14527972899796565,
          -0.0031492480298607652,
          0.2660253290792387,
          -0.013829552925004346,
          -0.2127671658934113,
          -0.057324914531518306,
          -0.09856650164992467,
          0.20356624268250573,
          -0.09227338070799994,
          -0.04003157866536591,
          0.09319558021713627,
          0.20025271051503304,
          0.43433592617474387,
          0.3085533103191272,
          0.2437234115188513,
          0.015008485699127876,
          0.3583013158878197,
          0.054748772894670325,
          0.3808191159819968,
          -0.18629611924628572,
          -0.11286674284673653,
          -0.018160781015863808,
          0.3556451315859864,
          -0.13233026161027475,
          -0.0057924046163930695,
          0.3592687688509035,
          -0.16609622602208224,
          -0.01624441238826644,
          0.32512166008853205,
          -0.03640459898914644,
          -0.022145101384954336,
          0.09810936412528097,
          -0.27509238709473904,
          -0.04960672905083092,
          -0.06644371562304374,
          0.16524935311092318,
          -0.028286296910564952,
          0.43360695868190186,
          -0.2181140565360029,
          0.06757073526762808,
          0.004677373615087662,
          -0.023619456930105597,
          0.31567269159940603,
          0.13264776583232157,
          0.31957794783420834,
          0.02047372440349358,
          0.22300325708213145,
          0.37470240649233827,
          0.015117074456436263,
          0.10423057374748278,
          0.3998310403253381,
          0.29247075961452085,
          -0.1535359506950267,
          0.11385471088830335,
          -0.23908931479439965,
          0.15147716637389294,
          0.42433962077847287,
          0.002540968633306257,
          -0.25321390690155937,
          0.17261508832972713,
          -0.10711494682402226,
          -0.1769215547813588,
          -0.11270680867522857,
          -0.23875502340501897,
          -0.31196664152878206,
          -0.08340966703064517,
          -0.07057663737289294,
          0.22734301125698914,
          -0.2167959707778005,
          -0.2425020244856085,
          -0.23355119355434248,
          0.014788321521358378,
          -0.19900599569882177,
          0.0690469700619676,
          -0.12031494660271543,
          0.14246331015853045,
          0.044376375328571485,
          0.0676154084685635,
          -0.32885589121744463,
          0.013925977024487344,
          -0.19671753626345093,
          0.019290040855675625,
          0.2687006610850016,
          0.18739572202812418,
          0.2832538606500648,
          0.07552638404512671,
          0.059568586505685396,
          -0.05412859910179304,
          -0.10739825299955162,
          0.06372333089113062,
          0.005427808434608748,
          0.3708472584459643,
          0.3089923440457095,
          -0.027689155257211093,
          0.13795175013485364,
          0.3011351024366728,
          -0.02089114532973522,
          -0.15212587039053452,
          -0.31879666680963487,
          0.25194862206755064,
          0.4107552745927241,
          -0.040579723763584534,
          0.0805111728980705,
          0.4472892436559746,
          0.360112881042453,
          0.08844913733381514,
          -0.378698115729614,
          -0.11108416286209291,
          0.021347239664800507,
          -0.04790906773941742,
          0.030646801177666657,
          -0.16504864246507966,
          -0.12808424045877675,
          -0.2740719561951784,
          -0.07167111199712332,
          0.05633428833519579,
          0.14907065342157036,
          0.08656395275681744,
          0.03356669731135318,
          -0.10089764507818332,
          -0.039977834490999904,
          0.08945081069999666,
          0.14022781540539697,
          0.13341467810010801,
          -0.09357170138959167,
          0.6338468039506422,
          -0.15046327083574096,
          0.5932815979476528,
          0.2095475820772206,
          0.636670813266064,
          -0.014907915307513018,
          0.6171509716651837,
          0.5944543061431774,
          0.17432735114001172,
          0.6028327669292879,
          0.09801446660370734,
          -0.3868272032857966,
          0.6101709917703524,
          0.23387189603722877,
          -0.015973315411270485,
          0.20738154705886394,
          -0.38658666170625716,
          -0.17493380976506354,
          0.31736796216777685,
          0.1363302536327312,
          0.3606459737818214,
          -0.09071165402103686,
          -0.19151276315013943,
          0.6095735863035007,
          0.6147566599192255,
          -0.18299103826818922,
          -0.20760913677537063,
          0.6084919477850962,
          0.04224903657144334,
          0.6112987448917524,
          0.6100425493592841,
          0.5941789571614313,
          0.6575862974969846,
          -0.15773071119803522,
          -0.08989128823505316,
          0.10457000530574813,
          0.6105593198760894,
          0.024599712393970352,
          0.2570593220492048,
          0.6096306294717485,
          0.6012252550763227,
          -0.041361163511470164,
          0.10972234800681684,
          -0.3205553356199114,
          -0.19899917603279277,
          0.6138678210612745,
          0.6205144620999777,
          -0.0075239587017260825,
          -0.20791717232308723,
          0.5825635233575281,
          0.23726222449712392,
          0.6127517630539262,
          0.21761583817492694,
          0.13470570727092346,
          0.59815248701279,
          0.5916545808618132,
          0.1135878736801628,
          0.1933197823083845,
          0.10414287607266344,
          -0.3051041626465433,
          0.07717996046193225,
          -0.032586526398035685,
          0.03222262049367097,
          -0.3814100662909099,
          -0.3236921898320466,
          -0.2052798905545746,
          0.17681369762611424,
          0.21180093693592075,
          -0.22362510492394713,
          0.6096221596624816,
          0.2707972433872542,
          0.6197180653002552,
          -0.0761109979060246,
          0.609171189523,
          0.23322582301066747,
          0.598380049409794,
          0.03784920615779305,
          0.6319437232673869,
          0.08383510303012846,
          0.6154765505354312,
          0.17950395120867618,
          -0.19237708613578397,
          -0.3990761745589099,
          0.22462028294001615,
          0.11107089087265799,
          -0.1627494114382805,
          -0.13911081522679566,
          0.6137265627523457,
          -0.028048391149174887,
          0.6067034998178453,
          0.22351332191175388,
          0.5891157343333662,
          0.2229489303870351,
          0.05212050571689691,
          0.6064300971498104,
          0.07061477116006262,
          0.6283436407718938,
          0.6281924631026329,
          0.6141351631203109,
          0.04050072871321237,
          0.2457745667418315,
          -0.007228547824289963,
          -0.00865121506780897,
          0.6180289199973402,
          0.09085712159414774,
          0.10774943110176623,
          -0.030086540412469696,
          0.6126264786429194,
          0.2436903350330678,
          -0.07259915811271972,
          0.14404140836274393,
          0.16427235949593577,
          0.6063208307543329,
          0.215452925994186,
          0.3234867196531667,
          0.06639783139372765,
          0.06499085088355586,
          0.008560456691073411,
          -0.06917380513591315,
          0.11008772245122785,
          0.004070498445211421,
          -0.0588823439030846,
          0.13141175441574593,
          0.169967497103515,
          0.16017300245267896,
          -0.1637386554580444,
          0.11487465157446788,
          0.0018593573073434886,
          -0.04499304720225534,
          0.2138730751057781,
          0.6237062064180023,
          0.2781016035058272,
          0.17642803546554298,
          0.013896951440874638,
          0.6263919385807049,
          0.18190713113096654,
          0.2809400812548183,
          0.07722094041269106,
          0.19012019252441303,
          0.13921860551417334,
          0.6278567016357718,
          0.1154038479301081,
          0.6429964673570867,
          0.6254678079316414,
          0.26697226285778825,
          0.25850281927044305,
          -0.1912387876218946,
          0.008054921131963986,
          0.1790144011322251,
          0.10022154291189068,
          0.08807535796959017,
          -0.2208230860133109,
          0.1395661139512966,
          0.04545844538332369,
          0.2362342321471461,
          0.605059704041752,
          0.5959257233540063,
          0.2989454947881683,
          0.14210476264591732,
          -0.38485950025632554,
          0.08125525944930277,
          0.588328796661402,
          0.0008010159788012339,
          0.3884516852969052,
          0.5802061061414304,
          0.5774429680292149,
          0.5853006975248437,
          0.21189582264144,
          -0.11160651404542564,
          0.6034771751505822,
          0.5939238343090363,
          0.6201820751030985,
          -0.08249521719963443,
          0.1299874140696622,
          0.19123160327935554,
          0.6048843378669186,
          0.6079621089726641,
          -0.032868466472247844,
          0.6107980683911376,
          0.6336627650887445,
          0.6135241513133439,
          0.5884573436006454,
          0.6023735558219099,
          0.5796906825048147,
          0.6149638646510034,
          0.0731244936750421,
          0.5988566747900326,
          0.6061021132845182,
          0.08016618049957208,
          0.5731682173629056,
          0.576644473985621,
          0.05572790510744191,
          0.5771969303368473,
          0.2940655085543832,
          0.6001551952746326,
          0.5863000934209703,
          0.12041326247211397,
          0.5837590106702765,
          0.21726280642802134,
          0.5844228843909907,
          0.21997506233913983,
          0.008065080673336836,
          0.5736357489607584,
          0.002696750707911716,
          0.5896840632788923,
          0.5773577618207405,
          0.07353683049160467,
          -0.10387895150316938,
          -0.23411389048628514,
          0.07576579533688563,
          0.1529969970569429,
          0.007964081559315973,
          0.5892806585561821,
          0.2058582335932187,
          0.25399008439975623,
          0.6126755776301512,
          0.007527712203259943,
          0.6091707596909066,
          0.5904860397242785,
          0.5917404827072313,
          0.23988426840637034,
          -0.10249273163399189,
          0.13984890823868587,
          -0.10354650656349682,
          0.14120146807425893,
          0.5900049620012077,
          0.6169509365584989,
          0.20068585556556115,
          0.5980426957978714,
          0.18712532791196287,
          0.5925979104224455,
          0.5996128729549083,
          0.03564009513033104,
          0.6086351747587984,
          0.6042470325256453,
          0.5908872100277408,
          0.24073266453237688,
          0.22593596410179767,
          0.582310602845413,
          0.31617114113018036,
          0.5759455412604698,
          0.13106996937496515,
          0.2822971923004093,
          -0.06416498328277993,
          0.15444311653639892,
          -0.10176971284365971,
          0.5531582846389796,
          0.09297724638836669,
          0.5826357271391159,
          0.19535183397544537,
          0.22439695826172587,
          0.5867815540976126,
          0.26844309110193726,
          0.5762333902352282,
          0.1524246586483276,
          0.08695319580135935,
          0.003331050943323987,
          0.0556690328734604,
          0.599235776261619,
          0.13068484672283112,
          0.17858298096398462,
          0.5815021297856606,
          0.6063833187624456,
          0.5918706829097942,
          0.5880724952636619,
          0.6020890003118493,
          0.5890011823006891,
          0.6090640011320381,
          0.5689370584045456,
          0.22378574236555224,
          0.6030539590954752,
          0.23741553398481274,
          0.11707780631219622,
          0.6068805706442026,
          0.22857912264226907,
          0.03471053676756371,
          -0.1906880803747891,
          0.0555552419824242,
          0.5709018105335464,
          0.3414204533212564,
          -0.08438484840963653,
          0.5855769950534625,
          -0.08343210710030725,
          0.5687491736385082,
          -0.03192967096026898,
          0.23823213728909867,
          0.0541647894575654,
          0.02848621490038883,
